-----------------------------------------------------------------------------------------------------------------------------------------------------
  Bin Id   Marker lineage   # genomes   # markers   # marker sets   0     1    2   3   4   5+   Completeness   Contamination   Strain heterogeneity  
-----------------------------------------------------------------------------------------------------------------------------------------------------
  bin.6       Bacteria         5449        104            58        0    104   0   0   0   0       100.00           0.00               0.00          
  bin.4       Bacteria         5449        104            58        1    103   0   0   0   0       98.28            0.00               0.00          
  bin.2       Bacteria         5449        104            58        2    102   0   0   0   0       96.55            0.00               0.00          
  bin.3       Bacteria         5449        104            58        4    100   0   0   0   0       94.83            0.00               0.00          
  bin.1       Bacteria         5449        104            58        18    85   1   0   0   0       91.38            1.72              100.00         
  bin.5       Bacteria         5449        104            58        94    10   0   0   0   0       15.52            0.00               0.00          
-----------------------------------------------------------------------------------------------------------------------------------------------------
